N,Recursive,Iterative
1, 8.899951353669167e-08, 9.199720807373524e-08
2, 9.199720807373524e-08, 9.298673830926418e-08
3, 9.000359568744898e-08, 9.000359568744898e-08
4, 9.099312592297792e-08, 9.39908204600215e-08
5, 9.300129022449255e-08, 9.199720807373524e-08
6, 9.20117599889636e-08, 9.199720807373524e-08
7, 9.099312592297792e-08, 9.199720807373524e-08
8, 9.099312592297792e-08, 8.799543138593435e-08
9, 9.300129022449255e-08, 9.099312592297792e-08
10, 9.300129022449255e-08, 9.199720807373524e-08
11, 1.0599615052342415e-07, 9.099312592297792e-08
12, 1.0599615052342415e-07, 8.799543138593435e-08
13, 9.100767783820629e-08, 9.300129022449255e-08
14, 9.199720807373524e-08, 9.099312592297792e-08
15, 9.199720807373524e-08, 8.998904377222061e-08
16, 9.300129022449255e-08, 9.20117599889636e-08
17, 9.199720807373524e-08, 1.0599615052342415e-07
18, 9.099312592297792e-08, 9.199720807373524e-08
19, 1.0700023267418146e-07, 1.0100484360009432e-07
20, 1.069856807589531e-07, 1.0599615052342415e-07
21, 8.998904377222061e-08, 1.0599615052342415e-07
22, 9.100767783820629e-08, 9.199720807373524e-08
23, 9.20117599889636e-08, 9.199720807373524e-08
24, 9.199720807373524e-08, 9.099312592297792e-08
25, 9.300129022449255e-08, 8.998904377222061e-08
26, 9.39908204600215e-08, 8.899951353669167e-08
27, 9.199720807373524e-08, 8.998904377222061e-08
28, 9.199720807373524e-08, 9.199720807373524e-08
29, 9.300129022449255e-08, 1.0601070243865252e-07
30, 1.069856807589531e-07, 8.998904377222061e-08
31, 9.000359568744898e-08, 8.899951353669167e-08
32, 8.899951353669167e-08, 9.000359568744898e-08
33, 9.000359568744898e-08, 9.298673830926418e-08
34, 8.899951353669167e-08, 9.000359568744898e-08
35, 8.899951353669167e-08, 8.899951353669167e-08
36, 9.000359568744898e-08, 8.899951353669167e-08
37, 9.100767783820629e-08, 8.899951353669167e-08
38, 9.199720807373524e-08, 9.300129022449255e-08
39, 8.899951353669167e-08, 9.500945452600718e-08
40, 8.899951353669167e-08, 8.799543138593435e-08
41, 8.998904377222061e-08, 9.100767783820629e-08
42, 8.899951353669167e-08, 1.0499206837266684e-07
43, 9.099312592297792e-08, 8.998904377222061e-08
44, 9.100767783820629e-08, 9.300129022449255e-08
45, 9.300129022449255e-08, 9.199720807373524e-08
46, 9.199720807373524e-08, 8.899951353669167e-08
47, 9.199720807373524e-08, 8.899951353669167e-08
48, 9.000359568744898e-08, 9.199720807373524e-08
49, 9.300129022449255e-08, 9.39908204600215e-08
50, 9.199720807373524e-08, 9.199720807373524e-08
51, 9.099312592297792e-08, 9.20117599889636e-08
52, 9.100767783820629e-08, 9.199720807373524e-08
53, 8.998904377222061e-08, 9.199720807373524e-08
54, 9.400537237524986e-08, 9.000359568744898e-08
55, 9.099312592297792e-08, 9.199720807373524e-08
56, 9.20117599889636e-08, 8.899951353669167e-08
57, 9.300129022449255e-08, 9.199720807373524e-08
58, 9.300129022449255e-08, 9.500945452600718e-08
59, 9.099312592297792e-08, 9.000359568744898e-08
60, 9.000359568744898e-08, 8.899951353669167e-08
61, 9.100767783820629e-08, 9.199720807373524e-08
62, 9.39908204600215e-08, 1.0599615052342415e-07
63, 8.998904377222061e-08, 9.099312592297792e-08
64, 9.099312592297792e-08, 1.0599615052342415e-07
65, 8.899951353669167e-08, 8.700590115040541e-08
66, 9.199720807373524e-08, 9.000359568744898e-08
67, 8.899951353669167e-08, 8.998904377222061e-08
68, 9.099312592297792e-08, 9.39908204600215e-08
69, 9.199720807373524e-08, 9.099312592297792e-08
70, 9.300129022449255e-08, 1.0599615052342415e-07
71, 9.000359568744898e-08, 1.0599615052342415e-07
72, 9.099312592297792e-08, 9.199720807373524e-08
73, 8.899951353669167e-08, 8.998904377222061e-08
74, 9.099312592297792e-08, 9.20117599889636e-08
75, 9.099312592297792e-08, 1.069856807589531e-07
76, 1.0700023267418146e-07, 1.050066202878952e-07
77, 9.199720807373524e-08, 9.400537237524986e-08
78, 9.400537237524986e-08, 8.998904377222061e-08
79, 9.499490261077881e-08, 1.0599615052342415e-07
80, 9.39908204600215e-08, 9.300129022449255e-08
81, 9.300129022449255e-08, 1.0599615052342415e-07
82, 1.0599615052342415e-07, 1.0499206837266684e-07
83, 8.899951353669167e-08, 9.499490261077881e-08
84, 9.199720807373524e-08, 9.099312592297792e-08
85, 8.899951353669167e-08, 8.901406545192003e-08
86, 9.000359568744898e-08, 9.199720807373524e-08
87, 9.099312592297792e-08, 9.500945452600718e-08
88, 8.899951353669167e-08, 1.0599615052342415e-07
89, 9.20117599889636e-08, 9.300129022449255e-08
90, 9.199720807373524e-08, 9.000359568744898e-08
91, 1.0599615052342415e-07, 9.300129022449255e-08
92, 1.0700023267418146e-07, 1.0599615052342415e-07
93, 9.100767783820629e-08, 1.050066202878952e-07
94, 9.000359568744898e-08, 9.20117599889636e-08
95, 1.0798976290971041e-07, 1.0599615052342415e-07
96, 8.899951353669167e-08, 9.099312592297792e-08
97, 9.400537237524986e-08, 9.100767783820629e-08
98, 1.0601070243865252e-07, 1.0599615052342415e-07
99, 9.400537237524986e-08, 8.998904377222061e-08
100, 9.700306691229343e-08, 1.0599615052342415e-07
101, 9.100767783820629e-08, 9.300129022449255e-08
102, 9.000359568744898e-08, 9.199720807373524e-08
103, 9.099312592297792e-08, 9.199720807373524e-08
104, 9.199720807373524e-08, 1.0599615052342415e-07
105, 9.100767783820629e-08, 8.899951353669167e-08
106, 8.899951353669167e-08, 9.300129022449255e-08
107, 9.39908204600215e-08, 8.998904377222061e-08
108, 9.199720807373524e-08, 1.0601070243865252e-07
109, 9.199720807373524e-08, 9.300129022449255e-08
110, 9.199720807373524e-08, 9.20117599889636e-08
111, 1.0599615052342415e-07, 1.0599615052342415e-07
112, 1.0599615052342415e-07, 1.0599615052342415e-07
113, 8.899951353669167e-08, 9.100767783820629e-08
114, 9.199720807373524e-08, 9.099312592297792e-08
115, 9.199720807373524e-08, 9.199720807373524e-08
116, 8.899951353669167e-08, 8.899951353669167e-08
117, 9.099312592297792e-08, 1.0599615052342415e-07
118, 8.899951353669167e-08, 9.000359568744898e-08
119, 9.100767783820629e-08, 1.069856807589531e-07
120, 9.099312592297792e-08, 9.199720807373524e-08
121, 9.099312592297792e-08, 8.899951353669167e-08
122, 8.998904377222061e-08, 9.199720807373524e-08
123, 9.000359568744898e-08, 1.0599615052342415e-07
124, 8.899951353669167e-08, 1.050066202878952e-07
125, 8.899951353669167e-08, 9.199720807373524e-08
126, 8.899951353669167e-08, 8.899951353669167e-08
127, 9.199720807373524e-08, 8.899951353669167e-08
128, 9.199720807373524e-08, 8.998904377222061e-08
129, 9.099312592297792e-08, 8.998904377222061e-08
130, 1.0599615052342415e-07, 9.099312592297792e-08
131, 9.100767783820629e-08, 9.000359568744898e-08
132, 9.20117599889636e-08, 9.300129022449255e-08
133, 9.199720807373524e-08, 9.300129022449255e-08
134, 9.099312592297792e-08, 8.899951353669167e-08
135, 9.100767783820629e-08, 9.100767783820629e-08
136, 9.298673830926418e-08, 9.199720807373524e-08
137, 9.000359568744898e-08, 9.099312592297792e-08
138, 9.000359568744898e-08, 8.998904377222061e-08
139, 9.099312592297792e-08, 8.899951353669167e-08
140, 9.099312592297792e-08, 9.099312592297792e-08
141, 1.0599615052342415e-07, 1.0599615052342415e-07
142, 1.050066202878952e-07, 1.0499206837266684e-07
143, 8.998904377222061e-08, 9.100767783820629e-08
144, 9.099312592297792e-08, 8.799543138593435e-08
145, 9.199720807373524e-08, 8.899951353669167e-08
146, 9.100767783820629e-08, 8.899951353669167e-08
147, 8.899951353669167e-08, 8.899951353669167e-08
148, 8.899951353669167e-08, 8.799543138593435e-08
149, 9.099312592297792e-08, 9.000359568744898e-08
150, 1.0601070243865252e-07, 9.100767783820629e-08
151, 9.400537237524986e-08, 9.599898476153612e-08
152, 9.400537237524986e-08, 9.099312592297792e-08
153, 9.100767783820629e-08, 9.199720807373524e-08
154, 9.199720807373524e-08, 9.000359568744898e-08
155, 8.998904377222061e-08, 1.0599615052342415e-07
156, 8.998904377222061e-08, 9.199720807373524e-08
157, 1.0700023267418146e-07, 9.000359568744898e-08
158, 8.998904377222061e-08, 1.0499206837266684e-07
159, 9.099312592297792e-08, 9.700306691229343e-08
160, 1.050066202878952e-07, 1.0599615052342415e-07
161, 1.0700023267418146e-07, 1.0599615052342415e-07
162, 9.199720807373524e-08, 1.0599615052342415e-07
163, 1.0700023267418146e-07, 9.099312592297792e-08
164, 9.199720807373524e-08, 9.199720807373524e-08
165, 8.901406545192003e-08, 9.099312592297792e-08
166, 9.099312592297792e-08, 9.199720807373524e-08
167, 9.199720807373524e-08, 9.199720807373524e-08
168, 9.099312592297792e-08, 9.199720807373524e-08
169, 8.998904377222061e-08, 9.199720807373524e-08
170, 1.0599615052342415e-07, 9.100767783820629e-08
171, 9.000359568744898e-08, 9.000359568744898e-08
172, 9.099312592297792e-08, 9.000359568744898e-08
173, 9.300129022449255e-08, 8.998904377222061e-08
174, 9.400537237524986e-08, 9.199720807373524e-08
175, 8.899951353669167e-08, 9.199720807373524e-08
176, 1.050066202878952e-07, 8.899951353669167e-08
177, 9.099312592297792e-08, 8.998904377222061e-08
178, 9.099312592297792e-08, 8.899951353669167e-08
179, 9.100767783820629e-08, 8.998904377222061e-08
180, 8.899951353669167e-08, 1.0599615052342415e-07
181, 8.998904377222061e-08, 9.199720807373524e-08
182, 9.199720807373524e-08, 8.899951353669167e-08
183, 9.400537237524986e-08, 8.998904377222061e-08
184, 9.39908204600215e-08, 1.050066202878952e-07
185, 1.050066202878952e-07, 9.199720807373524e-08
186, 9.199720807373524e-08, 9.000359568744898e-08
187, 9.199720807373524e-08, 8.899951353669167e-08
188, 1.0599615052342415e-07, 1.0599615052342415e-07
189, 9.20117599889636e-08, 1.0599615052342415e-07
190, 9.300129022449255e-08, 1.0599615052342415e-07
191, 8.899951353669167e-08, 9.099312592297792e-08
192, 1.050066202878952e-07, 9.099312592297792e-08
193, 9.199720807373524e-08, 1.0599615052342415e-07
194, 9.199720807373524e-08, 9.099312592297792e-08
195, 8.899951353669167e-08, 1.069856807589531e-07
196, 9.199720807373524e-08, 9.39908204600215e-08
197, 9.400537237524986e-08, 1.0499206837266684e-07
198, 8.899951353669167e-08, 9.099312592297792e-08
199, 9.099312592297792e-08, 9.100767783820629e-08
200, 8.998904377222061e-08, 9.099312592297792e-08
201, 8.998904377222061e-08, 8.899951353669167e-08
202, 8.799543138593435e-08, 9.499490261077881e-08
203, 9.20117599889636e-08, 1.0700023267418146e-07
204, 9.300129022449255e-08, 9.300129022449255e-08
205, 9.199720807373524e-08, 9.39908204600215e-08
206, 8.998904377222061e-08, 9.199720807373524e-08
207, 9.099312592297792e-08, 9.099312592297792e-08
208, 9.099312592297792e-08, 9.099312592297792e-08
209, 9.300129022449255e-08, 9.000359568744898e-08
210, 9.099312592297792e-08, 8.998904377222061e-08
211, 9.500945452600718e-08, 9.000359568744898e-08
212, 9.300129022449255e-08, 9.099312592297792e-08
213, 9.100767783820629e-08, 8.998904377222061e-08
214, 9.100767783820629e-08, 9.300129022449255e-08
215, 8.899951353669167e-08, 8.998904377222061e-08
216, 1.0599615052342415e-07, 9.099312592297792e-08
217, 1.0599615052342415e-07, 8.899951353669167e-08
218, 9.400537237524986e-08, 9.199720807373524e-08
219, 9.000359568744898e-08, 9.099312592297792e-08
220, 9.698851499706507e-08, 8.899951353669167e-08
221, 8.998904377222061e-08, 9.199720807373524e-08
222, 1.0599615052342415e-07, 9.099312592297792e-08
223, 9.099312592297792e-08, 9.099312592297792e-08
224, 9.298673830926418e-08, 9.199720807373524e-08
225, 1.0700023267418146e-07, 1.0700023267418146e-07
226, 9.300129022449255e-08, 9.100767783820629e-08
227, 9.099312592297792e-08, 1.0599615052342415e-07
228, 9.199720807373524e-08, 9.39908204600215e-08
229, 8.899951353669167e-08, 9.099312592297792e-08
230, 8.799543138593435e-08, 1.0601070243865252e-07
231, 9.000359568744898e-08, 9.199720807373524e-08
232, 1.0599615052342415e-07, 9.400537237524986e-08
233, 9.000359568744898e-08, 9.099312592297792e-08
234, 9.100767783820629e-08, 9.300129022449255e-08
235, 1.0599615052342415e-07, 8.998904377222061e-08
236, 9.100767783820629e-08, 9.599898476153612e-08
237, 9.099312592297792e-08, 1.0700023267418146e-07
238, 9.099312592297792e-08, 9.300129022449255e-08
239, 9.199720807373524e-08, 1.0700023267418146e-07
240, 9.300129022449255e-08, 9.400537237524986e-08
241, 9.099312592297792e-08, 9.199720807373524e-08
242, 9.099312592297792e-08, 9.000359568744898e-08
243, 1.0700023267418146e-07, 8.998904377222061e-08
244, 1.050066202878952e-07, 1.0700023267418146e-07
245, 9.298673830926418e-08, 1.0599615052342415e-07
246, 9.199720807373524e-08, 9.000359568744898e-08
247, 9.39908204600215e-08, 9.000359568744898e-08
248, 1.050066202878952e-07, 1.0700023267418146e-07
249, 1.0599615052342415e-07, 9.000359568744898e-08
250, 9.099312592297792e-08, 9.199720807373524e-08
251, 1.0599615052342415e-07, 9.199720807373524e-08
252, 9.400537237524986e-08, 1.0599615052342415e-07
253, 9.000359568744898e-08, 9.199720807373524e-08
254, 9.000359568744898e-08, 1.0599615052342415e-07
255, 1.0599615052342415e-07, 1.0599615052342415e-07
256, 9.099312592297792e-08, 9.000359568744898e-08
257, 9.099312592297792e-08, 8.998904377222061e-08
258, 9.20117599889636e-08, 8.799543138593435e-08
259, 1.0601070243865252e-07, 8.998904377222061e-08
260, 9.099312592297792e-08, 1.0601070243865252e-07
261, 9.000359568744898e-08, 9.500945452600718e-08
262, 9.100767783820629e-08, 8.998904377222061e-08
263, 9.300129022449255e-08, 9.400537237524986e-08
264, 9.199720807373524e-08, 1.0599615052342415e-07
265, 9.100767783820629e-08, 9.700306691229343e-08
266, 1.0599615052342415e-07, 9.899667929857969e-08
267, 9.199720807373524e-08, 1.050066202878952e-07
268, 9.500945452600718e-08, 9.099312592297792e-08
269, 9.199720807373524e-08, 9.300129022449255e-08
270, 9.300129022449255e-08, 1.0499206837266684e-07
271, 9.300129022449255e-08, 9.400537237524986e-08
272, 9.099312592297792e-08, 9.400537237524986e-08
273, 9.100767783820629e-08, 9.099312592297792e-08
274, 9.300129022449255e-08, 1.0599615052342415e-07
275, 9.300129022449255e-08, 8.998904377222061e-08
276, 9.099312592297792e-08, 9.499490261077881e-08
277, 1.0700023267418146e-07, 1.0700023267418146e-07
278, 9.199720807373524e-08, 9.300129022449255e-08
279, 9.499490261077881e-08, 9.099312592297792e-08
280, 9.099312592297792e-08, 1.0700023267418146e-07
281, 9.39908204600215e-08, 9.100767783820629e-08
282, 9.500945452600718e-08, 9.599898476153612e-08
283, 9.000359568744898e-08, 1.0800431482493877e-07
284, 9.099312592297792e-08, 9.199720807373524e-08
285, 9.298673830926418e-08, 9.100767783820629e-08
286, 1.0700023267418146e-07, 9.199720807373524e-08
287, 8.899951353669167e-08, 9.400537237524986e-08
288, 1.069856807589531e-07, 9.199720807373524e-08
289, 9.099312592297792e-08, 1.0700023267418146e-07
290, 9.39908204600215e-08, 9.099312592297792e-08
291, 1.0599615052342415e-07, 1.0798976290971041e-07
292, 9.099312592297792e-08, 9.000359568744898e-08
293, 8.899951353669167e-08, 9.199720807373524e-08
294, 9.099312592297792e-08, 9.099312592297792e-08
295, 9.099312592297792e-08, 9.300129022449255e-08
296, 9.000359568744898e-08, 9.099312592297792e-08
297, 9.199720807373524e-08, 1.0800431482493877e-07
298, 9.099312592297792e-08, 8.998904377222061e-08
299, 9.199720807373524e-08, 9.298673830926418e-08
300, 9.099312592297792e-08, 9.099312592297792e-08
301, 9.199720807373524e-08, 9.800714906305075e-08
302, 9.199720807373524e-08, 9.199720807373524e-08
303, 9.099312592297792e-08, 1.069856807589531e-07
304, 1.0798976290971041e-07, 9.099312592297792e-08
305, 8.998904377222061e-08, 1.0700023267418146e-07
306, 9.400537237524986e-08, 1.0700023267418146e-07
307, 9.100767783820629e-08, 1.0700023267418146e-07
308, 1.0700023267418146e-07, 1.0700023267418146e-07
309, 9.199720807373524e-08, 9.099312592297792e-08
310, 9.199720807373524e-08, 8.998904377222061e-08
311, 9.199720807373524e-08, 9.099312592297792e-08
312, 9.499490261077881e-08, 9.099312592297792e-08
313, 9.39908204600215e-08, 9.000359568744898e-08
314, 9.500945452600718e-08, 9.099312592297792e-08
315, 9.000359568744898e-08, 9.300129022449255e-08
316, 9.100767783820629e-08, 9.20117599889636e-08
317, 9.300129022449255e-08, 9.199720807373524e-08
318, 9.099312592297792e-08, 8.998904377222061e-08
319, 9.39908204600215e-08, 9.300129022449255e-08
320, 9.298673830926418e-08, 9.20117599889636e-08
321, 1.0700023267418146e-07, 9.099312592297792e-08
322, 9.100767783820629e-08, 1.0599615052342415e-07
323, 9.000359568744898e-08, 1.0599615052342415e-07
324, 9.300129022449255e-08, 9.100767783820629e-08
325, 9.000359568744898e-08, 9.20117599889636e-08
326, 9.298673830926418e-08, 9.199720807373524e-08
327, 9.199720807373524e-08, 9.300129022449255e-08
328, 9.100767783820629e-08, 9.099312592297792e-08
329, 9.000359568744898e-08, 9.700306691229343e-08
330, 9.000359568744898e-08, 9.099312592297792e-08
331, 1.0999792721122503e-07, 1.0700023267418146e-07
332, 9.20117599889636e-08, 9.800714906305075e-08
333, 9.199720807373524e-08, 9.400537237524986e-08
334, 9.000359568744898e-08, 1.0599615052342415e-07
335, 9.300129022449255e-08, 1.0599615052342415e-07
336, 8.899951353669167e-08, 1.050066202878952e-07
337, 9.400537237524986e-08, 9.199720807373524e-08
338, 9.20117599889636e-08, 9.300129022449255e-08
339, 9.39908204600215e-08, 1.0700023267418146e-07
340, 9.099312592297792e-08, 9.298673830926418e-08
341, 9.300129022449255e-08, 9.099312592297792e-08
342, 9.300129022449255e-08, 9.300129022449255e-08
343, 8.899951353669167e-08, 9.100767783820629e-08
344, 9.400537237524986e-08, 9.199720807373524e-08
345, 9.099312592297792e-08, 9.099312592297792e-08
346, 1.0700023267418146e-07, 9.099312592297792e-08
347, 9.099312592297792e-08, 9.39908204600215e-08
348, 9.20117599889636e-08, 9.698851499706507e-08
349, 9.298673830926418e-08, 9.199720807373524e-08
350, 9.298673830926418e-08, 9.100767783820629e-08
351, 9.099312592297792e-08, 9.400537237524986e-08
352, 8.998904377222061e-08, 9.298673830926418e-08
353, 9.099312592297792e-08, 9.100767783820629e-08
354, 8.998904377222061e-08, 9.300129022449255e-08
355, 9.099312592297792e-08, 9.199720807373524e-08
356, 9.099312592297792e-08, 8.998904377222061e-08
357, 9.400537237524986e-08, 9.39908204600215e-08
358, 9.199720807373524e-08, 1.0899384506046772e-07
359, 9.100767783820629e-08, 9.300129022449255e-08
360, 9.300129022449255e-08, 9.400537237524986e-08
361, 9.20117599889636e-08, 9.599898476153612e-08
362, 1.0599615052342415e-07, 9.099312592297792e-08
363, 9.199720807373524e-08, 1.0599615052342415e-07
364, 9.199720807373524e-08, 9.199720807373524e-08
365, 9.099312592297792e-08, 9.099312592297792e-08
366, 1.0798976290971041e-07, 9.300129022449255e-08
367, 9.000359568744898e-08, 1.0700023267418146e-07
368, 8.899951353669167e-08, 9.099312592297792e-08
369, 9.100767783820629e-08, 9.300129022449255e-08
370, 9.099312592297792e-08, 1.0599615052342415e-07
371, 1.050066202878952e-07, 9.298673830926418e-08
372, 9.199720807373524e-08, 9.099312592297792e-08
373, 9.499490261077881e-08, 1.0700023267418146e-07
374, 8.998904377222061e-08, 9.100767783820629e-08
375, 9.39908204600215e-08, 9.100767783820629e-08
376, 9.20117599889636e-08, 9.100767783820629e-08
377, 9.300129022449255e-08, 8.998904377222061e-08
378, 9.599898476153612e-08, 9.099312592297792e-08
379, 9.199720807373524e-08, 9.000359568744898e-08
380, 9.298673830926418e-08, 9.400537237524986e-08
381, 9.199720807373524e-08, 9.499490261077881e-08
382, 9.599898476153612e-08, 9.599898476153612e-08
383, 9.099312592297792e-08, 9.599898476153612e-08
384, 9.700306691229343e-08, 9.599898476153612e-08
385, 8.998904377222061e-08, 9.20117599889636e-08
386, 9.099312592297792e-08, 9.39908204600215e-08
387, 9.199720807373524e-08, 9.199720807373524e-08
388, 9.39908204600215e-08, 8.998904377222061e-08
389, 9.099312592297792e-08, 9.100767783820629e-08
390, 9.099312592297792e-08, 1.0599615052342415e-07
391, 9.099312592297792e-08, 9.000359568744898e-08
392, 1.0599615052342415e-07, 9.099312592297792e-08
393, 9.199720807373524e-08, 1.0599615052342415e-07
394, 1.0599615052342415e-07, 9.199720807373524e-08
395, 9.099312592297792e-08, 9.099312592297792e-08
396, 9.000359568744898e-08, 9.199720807373524e-08
397, 9.099312592297792e-08, 9.099312592297792e-08
398, 9.199720807373524e-08, 9.099312592297792e-08
399, 9.799259714782238e-08, 9.298673830926418e-08
400, 1.0599615052342415e-07, 9.300129022449255e-08
401, 1.050066202878952e-07, 9.100767783820629e-08
402, 9.099312592297792e-08, 9.099312592297792e-08
403, 9.100767783820629e-08, 9.000359568744898e-08
404, 9.39908204600215e-08, 8.998904377222061e-08
405, 1.0700023267418146e-07, 9.300129022449255e-08
406, 9.100767783820629e-08, 1.0700023267418146e-07
407, 9.000359568744898e-08, 9.099312592297792e-08
408, 9.099312592297792e-08, 9.298673830926418e-08
409, 9.199720807373524e-08, 1.0599615052342415e-07
410, 9.099312592297792e-08, 9.298673830926418e-08
411, 9.199720807373524e-08, 9.000359568744898e-08
412, 9.199720807373524e-08, 1.0700023267418146e-07
413, 1.0599615052342415e-07, 9.099312592297792e-08
414, 9.300129022449255e-08, 9.099312592297792e-08
415, 9.099312592297792e-08, 1.0899384506046772e-07
416, 9.199720807373524e-08, 9.39908204600215e-08
417, 9.39908204600215e-08, 9.500945452600718e-08
418, 9.099312592297792e-08, 1.0700023267418146e-07
419, 1.0599615052342415e-07, 9.199720807373524e-08
420, 9.300129022449255e-08, 9.599898476153612e-08
421, 8.998904377222061e-08, 9.000359568744898e-08
422, 9.400537237524986e-08, 9.099312592297792e-08
423, 9.099312592297792e-08, 9.199720807373524e-08
424, 8.998904377222061e-08, 9.199720807373524e-08
425, 1.069856807589531e-07, 9.39908204600215e-08
426, 9.300129022449255e-08, 9.199720807373524e-08
427, 9.300129022449255e-08, 9.20117599889636e-08
428, 9.099312592297792e-08, 1.0899384506046772e-07
429, 1.0199437383562326e-07, 9.099312592297792e-08
430, 9.100767783820629e-08, 9.099312592297792e-08
431, 9.099312592297792e-08, 9.300129022449255e-08
432, 9.39908204600215e-08, 9.20117599889636e-08
433, 9.39908204600215e-08, 9.400537237524986e-08
434, 1.0700023267418146e-07, 9.499490261077881e-08
435, 9.000359568744898e-08, 1.0599615052342415e-07
436, 9.099312592297792e-08, 9.199720807373524e-08
437, 9.099312592297792e-08, 8.998904377222061e-08
438, 9.099312592297792e-08, 9.199720807373524e-08
439, 9.000359568744898e-08, 9.199720807373524e-08
440, 9.400537237524986e-08, 9.100767783820629e-08
441, 9.400537237524986e-08, 9.000359568744898e-08
442, 9.199720807373524e-08, 1.0499206837266684e-07
443, 8.899951353669167e-08, 9.199720807373524e-08
444, 9.300129022449255e-08, 9.700306691229343e-08
445, 9.20117599889636e-08, 8.899951353669167e-08
446, 9.100767783820629e-08, 9.199720807373524e-08
447, 9.599898476153612e-08, 9.500945452600718e-08
448, 9.099312592297792e-08, 9.400537237524986e-08
449, 9.099312592297792e-08, 8.899951353669167e-08
450, 9.400537237524986e-08, 9.20117599889636e-08
451, 1.0700023267418146e-07, 9.300129022449255e-08
452, 9.499490261077881e-08, 9.199720807373524e-08
453, 9.099312592297792e-08, 1.0700023267418146e-07
454, 9.099312592297792e-08, 9.000359568744898e-08
455, 8.998904377222061e-08, 9.499490261077881e-08
456, 9.300129022449255e-08, 9.599898476153612e-08
457, 8.899951353669167e-08, 1.0700023267418146e-07
458, 9.199720807373524e-08, 9.000359568744898e-08
459, 9.199720807373524e-08, 9.300129022449255e-08
460, 1.0599615052342415e-07, 9.300129022449255e-08
461, 9.099312592297792e-08, 1.0700023267418146e-07
462, 9.199720807373524e-08, 9.199720807373524e-08
463, 9.000359568744898e-08, 9.300129022449255e-08
464, 9.099312592297792e-08, 9.300129022449255e-08
465, 9.300129022449255e-08, 9.099312592297792e-08
466, 9.400537237524986e-08, 9.400537237524986e-08
467, 1.0700023267418146e-07, 9.000359568744898e-08
468, 9.099312592297792e-08, 9.39908204600215e-08
469, 9.199720807373524e-08, 8.899951353669167e-08
470, 1.0599615052342415e-07, 9.099312592297792e-08
471, 9.000359568744898e-08, 1.0499206837266684e-07
472, 9.599898476153612e-08, 9.000359568744898e-08
473, 9.199720807373524e-08, 9.099312592297792e-08
474, 9.199720807373524e-08, 9.000359568744898e-08
475, 1.0599615052342415e-07, 9.300129022449255e-08
476, 9.100767783820629e-08, 1.0700023267418146e-07
477, 9.199720807373524e-08, 1.0700023267418146e-07
478, 9.400537237524986e-08, 9.099312592297792e-08
479, 9.000359568744898e-08, 9.099312592297792e-08
480, 9.099312592297792e-08, 9.400537237524986e-08
481, 8.998904377222061e-08, 9.000359568744898e-08
482, 9.599898476153612e-08, 9.099312592297792e-08
483, 9.499490261077881e-08, 9.099312592297792e-08
484, 9.300129022449255e-08, 9.300129022449255e-08
485, 1.0700023267418146e-07, 9.099312592297792e-08
486, 9.500945452600718e-08, 9.39908204600215e-08
487, 9.000359568744898e-08, 1.0700023267418146e-07
488, 9.000359568744898e-08, 9.499490261077881e-08
489, 9.099312592297792e-08, 9.099312592297792e-08
490, 9.300129022449255e-08, 9.099312592297792e-08
491, 9.099312592297792e-08, 9.599898476153612e-08
492, 1.0601070243865252e-07, 9.199720807373524e-08
493, 9.099312592297792e-08, 9.199720807373524e-08
494, 9.20117599889636e-08, 8.998904377222061e-08
495, 9.39908204600215e-08, 9.400537237524986e-08
496, 1.069856807589531e-07, 9.499490261077881e-08
497, 9.39908204600215e-08, 9.39908204600215e-08
498, 9.199720807373524e-08, 9.100767783820629e-08
499, 9.099312592297792e-08, 9.100767783820629e-08
500, 9.000359568744898e-08, 1.0700023267418146e-07
501, 9.300129022449255e-08, 9.000359568744898e-08
502, 9.300129022449255e-08, 1.0700023267418146e-07
503, 9.099312592297792e-08, 9.700306691229343e-08
504, 8.899951353669167e-08, 1.0700023267418146e-07
505, 9.599898476153612e-08, 8.998904377222061e-08
506, 9.300129022449255e-08, 1.0700023267418146e-07
507, 8.998904377222061e-08, 1.0700023267418146e-07
508, 8.998904377222061e-08, 9.298673830926418e-08
509, 9.099312592297792e-08, 9.199720807373524e-08
510, 9.199720807373524e-08, 9.000359568744898e-08
511, 9.100767783820629e-08, 9.099312592297792e-08
512, 9.300129022449255e-08, 9.499490261077881e-08
513, 8.899951353669167e-08, 9.298673830926418e-08
514, 1.0700023267418146e-07, 9.099312592297792e-08
515, 9.000359568744898e-08, 9.199720807373524e-08
516, 9.199720807373524e-08, 1.0800431482493877e-07
517, 1.0700023267418146e-07, 9.100767783820629e-08
518, 9.199720807373524e-08, 9.199720807373524e-08
519, 8.998904377222061e-08, 9.000359568744898e-08
520, 9.000359568744898e-08, 9.000359568744898e-08
521, 9.000359568744898e-08, 9.700306691229343e-08
522, 9.400537237524986e-08, 9.100767783820629e-08
523, 9.20117599889636e-08, 8.899951353669167e-08
524, 1.0599615052342415e-07, 9.199720807373524e-08
525, 9.100767783820629e-08, 9.099312592297792e-08
526, 1.0599615052342415e-07, 8.899951353669167e-08
527, 9.000359568744898e-08, 9.100767783820629e-08
528, 1.0599615052342415e-07, 1.0700023267418146e-07
529, 8.899951353669167e-08, 9.099312592297792e-08
530, 1.0599615052342415e-07, 8.998904377222061e-08
531, 9.100767783820629e-08, 9.000359568744898e-08
532, 9.300129022449255e-08, 8.899951353669167e-08
533, 9.099312592297792e-08, 9.199720807373524e-08
534, 9.000359568744898e-08, 9.000359568744898e-08
535, 9.000359568744898e-08, 1.0700023267418146e-07
536, 8.998904377222061e-08, 9.199720807373524e-08
537, 8.899951353669167e-08, 9.199720807373524e-08
538, 9.000359568744898e-08, 9.499490261077881e-08
539, 9.100767783820629e-08, 8.998904377222061e-08
540, 9.500945452600718e-08, 1.0700023267418146e-07
541, 9.000359568744898e-08, 9.199720807373524e-08
542, 9.099312592297792e-08, 9.000359568744898e-08
543, 9.199720807373524e-08, 9.000359568744898e-08
544, 1.0599615052342415e-07, 9.300129022449255e-08
545, 8.998904377222061e-08, 8.899951353669167e-08
546, 9.300129022449255e-08, 9.300129022449255e-08
547, 1.0601070243865252e-07, 8.998904377222061e-08
548, 9.000359568744898e-08, 8.998904377222061e-08
549, 9.099312592297792e-08, 9.100767783820629e-08
550, 9.599898476153612e-08, 9.100767783820629e-08
551, 8.998904377222061e-08, 9.39908204600215e-08
552, 9.199720807373524e-08, 9.199720807373524e-08
553, 9.000359568744898e-08, 9.100767783820629e-08
554, 1.0599615052342415e-07, 1.069856807589531e-07
555, 1.0599615052342415e-07, 8.899951353669167e-08
556, 9.000359568744898e-08, 9.199720807373524e-08
557, 9.099312592297792e-08, 8.998904377222061e-08
558, 9.000359568744898e-08, 8.899951353669167e-08
559, 9.099312592297792e-08, 8.998904377222061e-08
560, 9.000359568744898e-08, 1.0599615052342415e-07
561, 9.000359568744898e-08, 9.000359568744898e-08
562, 9.100767783820629e-08, 1.0499206837266684e-07
563, 9.000359568744898e-08, 9.000359568744898e-08
564, 9.199720807373524e-08, 1.0599615052342415e-07
565, 9.298673830926418e-08, 9.300129022449255e-08
566, 8.998904377222061e-08, 9.199720807373524e-08
567, 9.000359568744898e-08, 1.0599615052342415e-07
568, 9.099312592297792e-08, 8.998904377222061e-08
569, 1.0599615052342415e-07, 9.300129022449255e-08
570, 9.099312592297792e-08, 8.998904377222061e-08
571, 8.998904377222061e-08, 9.099312592297792e-08
572, 9.000359568744898e-08, 8.899951353669167e-08
573, 9.099312592297792e-08, 9.199720807373524e-08
574, 8.899951353669167e-08, 9.400537237524986e-08
575, 9.000359568744898e-08, 8.899951353669167e-08
576, 9.099312592297792e-08, 9.300129022449255e-08
577, 9.000359568744898e-08, 1.0599615052342415e-07
578, 8.899951353669167e-08, 1.0599615052342415e-07
579, 8.899951353669167e-08, 8.998904377222061e-08
580, 8.799543138593435e-08, 8.901406545192003e-08
581, 9.099312592297792e-08, 9.199720807373524e-08
582, 1.0599615052342415e-07, 9.300129022449255e-08
583, 8.899951353669167e-08, 9.500945452600718e-08
584, 9.300129022449255e-08, 8.998904377222061e-08
585, 9.099312592297792e-08, 8.899951353669167e-08
586, 8.899951353669167e-08, 9.100767783820629e-08
587, 9.099312592297792e-08, 8.998904377222061e-08
588, 1.0601070243865252e-07, 9.099312592297792e-08
589, 9.099312592297792e-08, 9.100767783820629e-08
590, 9.000359568744898e-08, 9.000359568744898e-08
591, 9.099312592297792e-08, 9.099312592297792e-08
592, 9.199720807373524e-08, 9.000359568744898e-08
593, 8.998904377222061e-08, 9.400537237524986e-08
594, 8.998904377222061e-08, 9.000359568744898e-08
595, 9.099312592297792e-08, 8.899951353669167e-08
596, 9.199720807373524e-08, 9.300129022449255e-08
597, 9.099312592297792e-08, 8.899951353669167e-08
598, 9.199720807373524e-08, 9.099312592297792e-08
599, 8.998904377222061e-08, 1.0599615052342415e-07
600, 9.099312592297792e-08, 8.899951353669167e-08
601, 1.050066202878952e-07, 9.000359568744898e-08
602, 9.000359568744898e-08, 8.998904377222061e-08
603, 9.300129022449255e-08, 9.100767783820629e-08
604, 8.899951353669167e-08, 9.099312592297792e-08
605, 9.39908204600215e-08, 9.500945452600718e-08
606, 9.39908204600215e-08, 9.199720807373524e-08
607, 8.998904377222061e-08, 9.599898476153612e-08
608, 1.0700023267418146e-07, 9.39908204600215e-08
609, 9.099312592297792e-08, 9.300129022449255e-08
610, 9.099312592297792e-08, 8.899951353669167e-08
611, 1.0700023267418146e-07, 9.099312592297792e-08
612, 9.000359568744898e-08, 9.300129022449255e-08
613, 9.199720807373524e-08, 1.0700023267418146e-07
614, 9.39908204600215e-08, 9.400537237524986e-08
615, 8.998904377222061e-08, 9.499490261077881e-08
616, 9.199720807373524e-08, 8.998904377222061e-08
617, 8.998904377222061e-08, 9.000359568744898e-08
618, 9.39908204600215e-08, 9.000359568744898e-08
619, 9.199720807373524e-08, 1.0700023267418146e-07
620, 9.400537237524986e-08, 9.298673830926418e-08
621, 8.899951353669167e-08, 8.899951353669167e-08
622, 9.100767783820629e-08, 9.099312592297792e-08
623, 9.20117599889636e-08, 9.199720807373524e-08
624, 9.400537237524986e-08, 9.300129022449255e-08
625, 9.400537237524986e-08, 9.099312592297792e-08
626, 9.20117599889636e-08, 9.099312592297792e-08
627, 9.000359568744898e-08, 9.499490261077881e-08
628, 9.100767783820629e-08, 1.0800431482493877e-07
629, 9.20117599889636e-08, 9.000359568744898e-08
630, 9.099312592297792e-08, 9.099312592297792e-08
631, 8.899951353669167e-08, 9.20117599889636e-08
632, 9.099312592297792e-08, 9.099312592297792e-08
633, 9.000359568744898e-08, 9.100767783820629e-08
634, 9.499490261077881e-08, 9.500945452600718e-08
635, 9.298673830926418e-08, 9.400537237524986e-08
636, 9.499490261077881e-08, 9.298673830926418e-08
637, 9.199720807373524e-08, 9.099312592297792e-08
638, 9.100767783820629e-08, 1.0700023267418146e-07
639, 9.199720807373524e-08, 9.199720807373524e-08
640, 8.998904377222061e-08, 1.0700023267418146e-07
641, 9.400537237524986e-08, 1.0599615052342415e-07
642, 9.199720807373524e-08, 1.0700023267418146e-07
643, 8.899951353669167e-08, 9.199720807373524e-08
644, 9.099312592297792e-08, 9.199720807373524e-08
645, 9.100767783820629e-08, 9.000359568744898e-08
646, 9.199720807373524e-08, 8.899951353669167e-08
647, 9.20117599889636e-08, 9.199720807373524e-08
648, 9.099312592297792e-08, 9.499490261077881e-08
649, 9.20117599889636e-08, 9.400537237524986e-08
650, 9.700306691229343e-08, 9.499490261077881e-08
651, 9.099312592297792e-08, 9.199720807373524e-08
652, 9.099312592297792e-08, 1.0800431482493877e-07
653, 9.199720807373524e-08, 1.0700023267418146e-07
654, 9.300129022449255e-08, 9.199720807373524e-08
655, 9.500945452600718e-08, 9.199720807373524e-08
656, 9.300129022449255e-08, 9.199720807373524e-08
657, 9.100767783820629e-08, 9.100767783820629e-08
658, 9.199720807373524e-08, 9.300129022449255e-08
659, 9.099312592297792e-08, 9.298673830926418e-08
660, 9.099312592297792e-08, 9.199720807373524e-08
661, 9.199720807373524e-08, 9.100767783820629e-08
662, 9.199720807373524e-08, 9.100767783820629e-08
663, 9.099312592297792e-08, 9.199720807373524e-08
664, 1.0599615052342415e-07, 9.400537237524986e-08
665, 9.099312592297792e-08, 8.998904377222061e-08
666, 9.300129022449255e-08, 9.300129022449255e-08
667, 1.0599615052342415e-07, 9.099312592297792e-08
668, 9.099312592297792e-08, 9.298673830926418e-08
669, 1.0700023267418146e-07, 9.20117599889636e-08
670, 9.400537237524986e-08, 1.0700023267418146e-07
671, 1.069856807589531e-07, 1.0798976290971041e-07
672, 9.400537237524986e-08, 9.099312592297792e-08
673, 9.100767783820629e-08, 9.000359568744898e-08
674, 9.39908204600215e-08, 1.0700023267418146e-07
675, 1.0700023267418146e-07, 8.899951353669167e-08
676, 8.899951353669167e-08, 9.39908204600215e-08
677, 9.599898476153612e-08, 1.0599615052342415e-07
678, 1.0599615052342415e-07, 9.099312592297792e-08
679, 9.099312592297792e-08, 9.099312592297792e-08
680, 1.0700023267418146e-07, 9.300129022449255e-08
681, 9.100767783820629e-08, 9.099312592297792e-08
682, 1.0700023267418146e-07, 9.099312592297792e-08
683, 9.300129022449255e-08, 9.400537237524986e-08
684, 9.199720807373524e-08, 9.300129022449255e-08
685, 9.39908204600215e-08, 1.0700023267418146e-07
686, 9.099312592297792e-08, 9.000359568744898e-08
687, 8.899951353669167e-08, 9.199720807373524e-08
688, 1.0700023267418146e-07, 9.601353667676449e-08
689, 9.100767783820629e-08, 1.0700023267418146e-07
690, 9.099312592297792e-08, 9.000359568744898e-08
691, 9.099312592297792e-08, 9.300129022449255e-08
692, 9.400537237524986e-08, 1.0798976290971041e-07
693, 9.099312592297792e-08, 9.099312592297792e-08
694, 9.400537237524986e-08, 1.0599615052342415e-07
695, 9.199720807373524e-08, 9.199720807373524e-08
696, 9.300129022449255e-08, 9.199720807373524e-08
697, 1.0798976290971041e-07, 9.499490261077881e-08
698, 9.39908204600215e-08, 8.899951353669167e-08
699, 9.199720807373524e-08, 9.599898476153612e-08
700, 8.899951353669167e-08, 1.0798976290971041e-07
701, 9.099312592297792e-08, 9.400537237524986e-08
702, 9.099312592297792e-08, 9.499490261077881e-08
703, 1.0700023267418146e-07, 1.0700023267418146e-07
704, 9.099312592297792e-08, 8.998904377222061e-08
705, 9.099312592297792e-08, 9.300129022449255e-08
706, 9.199720807373524e-08, 1.0599615052342415e-07
707, 9.000359568744898e-08, 9.099312592297792e-08
708, 9.099312592297792e-08, 9.199720807373524e-08
709, 9.199720807373524e-08, 9.099312592297792e-08
710, 9.100767783820629e-08, 9.199720807373524e-08
711, 9.300129022449255e-08, 1.0700023267418146e-07
712, 8.998904377222061e-08, 8.998904377222061e-08
713, 9.000359568744898e-08, 9.300129022449255e-08
714, 1.0599615052342415e-07, 9.20117599889636e-08
715, 9.199720807373524e-08, 9.199720807373524e-08
716, 9.199720807373524e-08, 9.499490261077881e-08
717, 9.199720807373524e-08, 8.998904377222061e-08
718, 9.199720807373524e-08, 1.0700023267418146e-07
719, 9.000359568744898e-08, 9.000359568744898e-08
720, 9.199720807373524e-08, 1.0599615052342415e-07
721, 8.998904377222061e-08, 8.998904377222061e-08
722, 9.199720807373524e-08, 9.099312592297792e-08
723, 9.099312592297792e-08, 9.099312592297792e-08
724, 9.000359568744898e-08, 9.199720807373524e-08
725, 9.199720807373524e-08, 8.998904377222061e-08
726, 9.099312592297792e-08, 9.199720807373524e-08
727, 9.099312592297792e-08, 1.0700023267418146e-07
728, 8.899951353669167e-08, 9.300129022449255e-08
729, 9.300129022449255e-08, 9.199720807373524e-08
730, 9.300129022449255e-08, 9.100767783820629e-08
731, 9.199720807373524e-08, 9.000359568744898e-08
732, 9.199720807373524e-08, 9.500945452600718e-08
733, 9.199720807373524e-08, 1.069856807589531e-07
734, 9.300129022449255e-08, 9.400537237524986e-08
735, 1.0700023267418146e-07, 9.20117599889636e-08
736, 9.099312592297792e-08, 9.400537237524986e-08
737, 9.400537237524986e-08, 9.100767783820629e-08
738, 9.199720807373524e-08, 9.300129022449255e-08
739, 9.099312592297792e-08, 9.099312592297792e-08
740, 9.300129022449255e-08, 9.199720807373524e-08
741, 9.20117599889636e-08, 9.099312592297792e-08
742, 9.300129022449255e-08, 9.300129022449255e-08
743, 9.099312592297792e-08, 9.300129022449255e-08
744, 9.199720807373524e-08, 1.0700023267418146e-07
745, 9.300129022449255e-08, 1.0700023267418146e-07
746, 1.0601070243865252e-07, 9.100767783820629e-08
747, 9.300129022449255e-08, 9.099312592297792e-08
748, 9.000359568744898e-08, 9.20117599889636e-08
749, 9.199720807373524e-08, 9.099312592297792e-08
750, 9.199720807373524e-08, 9.199720807373524e-08
751, 8.998904377222061e-08, 9.099312592297792e-08
752, 9.499490261077881e-08, 9.300129022449255e-08
753, 1.0700023267418146e-07, 9.099312592297792e-08
754, 9.199720807373524e-08, 9.300129022449255e-08
755, 9.400537237524986e-08, 9.199720807373524e-08
756, 8.899951353669167e-08, 9.800714906305075e-08
757, 9.20117599889636e-08, 8.899951353669167e-08
758, 9.000359568744898e-08, 9.400537237524986e-08
759, 9.20117599889636e-08, 9.199720807373524e-08
760, 9.099312592297792e-08, 9.099312592297792e-08
761, 9.199720807373524e-08, 1.0599615052342415e-07
762, 9.100767783820629e-08, 9.099312592297792e-08
763, 9.300129022449255e-08, 9.300129022449255e-08
764, 9.199720807373524e-08, 9.700306691229343e-08
765, 9.400537237524986e-08, 8.998904377222061e-08
766, 9.099312592297792e-08, 9.20117599889636e-08
767, 9.100767783820629e-08, 8.998904377222061e-08
768, 9.000359568744898e-08, 9.099312592297792e-08
769, 1.050066202878952e-07, 9.099312592297792e-08
770, 9.199720807373524e-08, 9.099312592297792e-08
771, 9.298673830926418e-08, 9.20117599889636e-08
772, 8.998904377222061e-08, 9.20117599889636e-08
773, 9.199720807373524e-08, 9.099312592297792e-08
774, 9.199720807373524e-08, 1.0700023267418146e-07
775, 9.199720807373524e-08, 9.199720807373524e-08
776, 1.0700023267418146e-07, 9.599898476153612e-08
777, 9.300129022449255e-08, 9.099312592297792e-08
778, 1.0700023267418146e-07, 9.100767783820629e-08
779, 9.099312592297792e-08, 9.599898476153612e-08
780, 9.099312592297792e-08, 9.700306691229343e-08
781, 9.998620953410864e-08, 1.0700023267418146e-07
782, 9.199720807373524e-08, 9.000359568744898e-08
783, 9.300129022449255e-08, 1.0700023267418146e-07
784, 8.998904377222061e-08, 9.199720807373524e-08
785, 9.099312592297792e-08, 9.199720807373524e-08
786, 1.0899384506046772e-07, 9.199720807373524e-08
787, 1.0700023267418146e-07, 1.0798976290971041e-07
788, 9.000359568744898e-08, 9.298673830926418e-08
789, 1.0700023267418146e-07, 9.199720807373524e-08
790, 9.20117599889636e-08, 8.998904377222061e-08
791, 9.099312592297792e-08, 9.199720807373524e-08
792, 9.199720807373524e-08, 9.099312592297792e-08
793, 9.499490261077881e-08, 1.0599615052342415e-07
794, 9.298673830926418e-08, 9.099312592297792e-08
795, 8.899951353669167e-08, 9.300129022449255e-08
796, 9.500945452600718e-08, 9.499490261077881e-08
797, 8.998904377222061e-08, 1.069856807589531e-07
798, 9.199720807373524e-08, 9.400537237524986e-08
799, 9.000359568744898e-08, 9.400537237524986e-08
800, 9.499490261077881e-08, 1.0700023267418146e-07
801, 9.400537237524986e-08, 9.400537237524986e-08
802, 9.300129022449255e-08, 9.199720807373524e-08
803, 1.0599615052342415e-07, 9.499490261077881e-08
804, 9.300129022449255e-08, 9.39908204600215e-08
805, 9.000359568744898e-08, 9.000359568744898e-08
806, 9.298673830926418e-08, 9.298673830926418e-08
807, 1.0700023267418146e-07, 9.400537237524986e-08
808, 9.099312592297792e-08, 9.000359568744898e-08
809, 9.300129022449255e-08, 1.0700023267418146e-07
810, 9.700306691229343e-08, 9.300129022449255e-08
811, 9.099312592297792e-08, 1.0700023267418146e-07
812, 9.099312592297792e-08, 9.199720807373524e-08
813, 9.100767783820629e-08, 1.0599615052342415e-07
814, 9.099312592297792e-08, 9.099312592297792e-08
815, 9.000359568744898e-08, 9.199720807373524e-08
816, 9.199720807373524e-08, 9.400537237524986e-08
817, 9.199720807373524e-08, 9.599898476153612e-08
818, 9.100767783820629e-08, 9.099312592297792e-08
819, 9.199720807373524e-08, 9.099312592297792e-08
820, 9.099312592297792e-08, 1.0899384506046772e-07
821, 9.000359568744898e-08, 9.099312592297792e-08
822, 9.300129022449255e-08, 1.0601070243865252e-07
823, 8.998904377222061e-08, 9.199720807373524e-08
824, 9.000359568744898e-08, 8.998904377222061e-08
825, 9.300129022449255e-08, 8.899951353669167e-08
826, 8.998904377222061e-08, 8.899951353669167e-08
827, 8.899951353669167e-08, 1.0599615052342415e-07
828, 9.000359568744898e-08, 1.050066202878952e-07
829, 9.100767783820629e-08, 9.100767783820629e-08
830, 1.0599615052342415e-07, 1.0599615052342415e-07
831, 1.0499206837266684e-07, 8.998904377222061e-08
832, 1.0599615052342415e-07, 1.050066202878952e-07
833, 9.300129022449255e-08, 8.998904377222061e-08
834, 1.0599615052342415e-07, 8.998904377222061e-08
835, 1.0599615052342415e-07, 8.899951353669167e-08
836, 8.998904377222061e-08, 9.20117599889636e-08
837, 9.700306691229343e-08, 8.998904377222061e-08
838, 8.998904377222061e-08, 1.0499206837266684e-07
839, 8.998904377222061e-08, 9.39908204600215e-08
840, 9.300129022449255e-08, 1.050066202878952e-07
841, 1.050066202878952e-07, 9.199720807373524e-08
842, 9.199720807373524e-08, 8.998904377222061e-08
843, 8.899951353669167e-08, 9.099312592297792e-08
844, 1.0700023267418146e-07, 9.000359568744898e-08
845, 8.899951353669167e-08, 8.899951353669167e-08
846, 9.099312592297792e-08, 8.998904377222061e-08
847, 8.899951353669167e-08, 9.099312592297792e-08
848, 8.899951353669167e-08, 8.899951353669167e-08
849, 9.099312592297792e-08, 8.899951353669167e-08
850, 9.099312592297792e-08, 9.199720807373524e-08
851, 8.899951353669167e-08, 8.998904377222061e-08
852, 9.000359568744898e-08, 8.899951353669167e-08
853, 9.000359568744898e-08, 8.899951353669167e-08
854, 9.099312592297792e-08, 8.899951353669167e-08
855, 8.998904377222061e-08, 9.000359568744898e-08
856, 9.000359568744898e-08, 9.100767783820629e-08
857, 9.099312592297792e-08, 8.998904377222061e-08
858, 8.899951353669167e-08, 8.899951353669167e-08
859, 9.000359568744898e-08, 8.899951353669167e-08
860, 9.000359568744898e-08, 8.899951353669167e-08
861, 9.000359568744898e-08, 9.000359568744898e-08
862, 8.998904377222061e-08, 9.000359568744898e-08
863, 1.0599615052342415e-07, 9.100767783820629e-08
864, 9.199720807373524e-08, 1.0599615052342415e-07
865, 8.998904377222061e-08, 8.899951353669167e-08
866, 9.099312592297792e-08, 8.899951353669167e-08
867, 9.099312592297792e-08, 8.998904377222061e-08
868, 9.199720807373524e-08, 9.100767783820629e-08
869, 9.599898476153612e-08, 9.300129022449255e-08
870, 9.099312592297792e-08, 8.998904377222061e-08
871, 9.199720807373524e-08, 8.899951353669167e-08
872, 9.199720807373524e-08, 1.0599615052342415e-07
873, 1.050066202878952e-07, 9.099312592297792e-08
874, 9.199720807373524e-08, 1.0599615052342415e-07
875, 9.199720807373524e-08, 9.000359568744898e-08
876, 9.000359568744898e-08, 8.998904377222061e-08
877, 9.199720807373524e-08, 8.998904377222061e-08
878, 9.199720807373524e-08, 8.899951353669167e-08
879, 9.099312592297792e-08, 9.199720807373524e-08
880, 8.998904377222061e-08, 1.0599615052342415e-07
881, 9.199720807373524e-08, 9.199720807373524e-08
882, 1.0599615052342415e-07, 9.099312592297792e-08
883, 9.199720807373524e-08, 9.199720807373524e-08
884, 9.099312592297792e-08, 9.199720807373524e-08
885, 9.199720807373524e-08, 9.599898476153612e-08
886, 8.899951353669167e-08, 1.0599615052342415e-07
887, 8.899951353669167e-08, 9.000359568744898e-08
888, 9.199720807373524e-08, 9.099312592297792e-08
889, 9.099312592297792e-08, 9.199720807373524e-08
890, 9.099312592297792e-08, 9.199720807373524e-08
891, 9.199720807373524e-08, 9.300129022449255e-08
892, 8.998904377222061e-08, 8.998904377222061e-08
893, 9.000359568744898e-08, 8.899951353669167e-08
894, 8.899951353669167e-08, 9.199720807373524e-08
895, 9.20117599889636e-08, 8.998904377222061e-08
896, 8.998904377222061e-08, 8.899951353669167e-08
897, 9.199720807373524e-08, 8.998904377222061e-08
898, 8.899951353669167e-08, 8.899951353669167e-08
899, 8.899951353669167e-08, 8.800998330116272e-08
900, 9.099312592297792e-08, 8.899951353669167e-08
901, 8.998904377222061e-08, 9.000359568744898e-08
902, 8.998904377222061e-08, 1.0599615052342415e-07
903, 8.899951353669167e-08, 9.100767783820629e-08
904, 8.899951353669167e-08, 8.899951353669167e-08
905, 8.899951353669167e-08, 9.000359568744898e-08
906, 9.000359568744898e-08, 9.199720807373524e-08
907, 1.0499206837266684e-07, 9.099312592297792e-08
908, 9.099312592297792e-08, 8.899951353669167e-08
909, 1.0599615052342415e-07, 9.099312592297792e-08
910, 8.899951353669167e-08, 1.0700023267418146e-07
911, 9.099312592297792e-08, 9.298673830926418e-08
912, 9.39908204600215e-08, 1.0599615052342415e-07
913, 1.050066202878952e-07, 9.000359568744898e-08
914, 9.298673830926418e-08, 1.0599615052342415e-07
915, 8.899951353669167e-08, 9.100767783820629e-08
916, 9.100767783820629e-08, 8.998904377222061e-08
917, 9.199720807373524e-08, 1.0499206837266684e-07
918, 9.099312592297792e-08, 8.899951353669167e-08
919, 9.099312592297792e-08, 9.099312592297792e-08
920, 8.998904377222061e-08, 9.20117599889636e-08
921, 9.199720807373524e-08, 8.899951353669167e-08
922, 9.000359568744898e-08, 9.298673830926418e-08
923, 1.0599615052342415e-07, 9.199720807373524e-08
924, 8.998904377222061e-08, 8.899951353669167e-08
925, 8.998904377222061e-08, 8.899951353669167e-08
926, 9.099312592297792e-08, 9.199720807373524e-08
927, 9.000359568744898e-08, 9.20117599889636e-08
928, 9.300129022449255e-08, 9.000359568744898e-08
929, 1.0499206837266684e-07, 9.300129022449255e-08
930, 9.300129022449255e-08, 9.298673830926418e-08
931, 8.998904377222061e-08, 9.000359568744898e-08
932, 9.100767783820629e-08, 9.199720807373524e-08
933, 8.998904377222061e-08, 1.0499206837266684e-07
934, 1.0599615052342415e-07, 8.998904377222061e-08
935, 1.0599615052342415e-07, 1.0599615052342415e-07
936, 9.000359568744898e-08, 1.0599615052342415e-07
937, 8.899951353669167e-08, 9.099312592297792e-08
938, 8.899951353669167e-08, 1.0599615052342415e-07
939, 1.0599615052342415e-07, 8.998904377222061e-08
940, 1.0599615052342415e-07, 1.050066202878952e-07
941, 9.39908204600215e-08, 8.998904377222061e-08
942, 1.0599615052342415e-07, 8.899951353669167e-08
943, 9.000359568744898e-08, 9.199720807373524e-08
944, 9.100767783820629e-08, 8.899951353669167e-08
945, 8.998904377222061e-08, 9.000359568744898e-08
946, 9.100767783820629e-08, 9.199720807373524e-08
947, 9.099312592297792e-08, 8.998904377222061e-08
948, 9.100767783820629e-08, 1.0599615052342415e-07
949, 1.0599615052342415e-07, 8.899951353669167e-08
950, 1.0599615052342415e-07, 9.099312592297792e-08
951, 8.998904377222061e-08, 8.899951353669167e-08
952, 9.199720807373524e-08, 1.0599615052342415e-07
953, 9.199720807373524e-08, 9.099312592297792e-08
954, 8.899951353669167e-08, 8.899951353669167e-08
955, 8.998904377222061e-08, 1.0599615052342415e-07
956, 8.800998330116272e-08, 8.799543138593435e-08
957, 8.998904377222061e-08, 8.899951353669167e-08
958, 1.0599615052342415e-07, 9.100767783820629e-08
959, 8.998904377222061e-08, 1.0599615052342415e-07
960, 8.998904377222061e-08, 9.099312592297792e-08
961, 9.199720807373524e-08, 8.899951353669167e-08
962, 1.050066202878952e-07, 1.0599615052342415e-07
963, 1.0599615052342415e-07, 8.899951353669167e-08
964, 9.199720807373524e-08, 8.998904377222061e-08
965, 9.300129022449255e-08, 8.899951353669167e-08
966, 9.199720807373524e-08, 8.899951353669167e-08
967, 8.899951353669167e-08, 9.39908204600215e-08
968, 9.099312592297792e-08, 1.0499206837266684e-07
969, 1.0599615052342415e-07, 9.100767783820629e-08
970, 8.899951353669167e-08, 9.300129022449255e-08
971, 1.0599615052342415e-07, 9.000359568744898e-08
972, 9.199720807373524e-08, 8.998904377222061e-08
973, 9.099312592297792e-08, 9.100767783820629e-08
974, 8.998904377222061e-08, 8.998904377222061e-08
975, 9.000359568744898e-08, 9.400537237524986e-08
976, 9.099312592297792e-08, 9.000359568744898e-08
977, 9.000359568744898e-08, 9.199720807373524e-08
978, 1.0599615052342415e-07, 8.899951353669167e-08
979, 1.0100484360009432e-07, 9.000359568744898e-08
980, 8.899951353669167e-08, 8.899951353669167e-08
981, 1.0599615052342415e-07, 9.199720807373524e-08
982, 1.0599615052342415e-07, 8.899951353669167e-08
983, 1.0599615052342415e-07, 1.0599615052342415e-07
984, 9.499490261077881e-08, 9.099312592297792e-08
985, 8.899951353669167e-08, 9.100767783820629e-08
986, 1.050066202878952e-07, 9.000359568744898e-08
987, 8.998904377222061e-08, 9.199720807373524e-08
988, 1.0599615052342415e-07, 1.0599615052342415e-07
989, 9.000359568744898e-08, 1.0599615052342415e-07
990, 9.39908204600215e-08, 8.998904377222061e-08
991, 9.099312592297792e-08, 9.099312592297792e-08
992, 9.20117599889636e-08, 9.100767783820629e-08
993, 9.100767783820629e-08, 9.100767783820629e-08
994, 9.100767783820629e-08, 9.099312592297792e-08
